sequence_id,timestep,current_point1_x,current_point1_y,current_point2_x,current_point2_y,current_point3_x,current_point3_y,current_point4_x,current_point4_y,desired_point1_x,desired_point1_y,desired_point2_x,desired_point2_y,desired_point3_x,desired_point3_y,desired_point4_x,desired_point4_y,camera_pose_11,camera_pose_12,camera_pose_13,camera_pose_14,camera_pose_21,camera_pose_22,camera_pose_23,camera_pose_24,camera_pose_31,camera_pose_32,camera_pose_33,camera_pose_34,camera_pose_41,camera_pose_42,camera_pose_43,camera_pose_44,camera_velocity_vx,camera_velocity_vy,camera_velocity_vz,camera_velocity_wx,camera_velocity_wy,camera_velocity_wz,error1_x,error1_y,error2_x,error2_y,error3_x,error3_y,error4_x,error4_y,initial_camera_pose_tx,initial_camera_pose_ty,initial_camera_pose_tz,initial_camera_pose_r11,initial_camera_pose_r12,initial_camera_pose_r13,initial_camera_pose_r21,initial_camera_pose_r22,initial_camera_pose_r23,initial_camera_pose_r31,initial_camera_pose_r32,initial_camera_pose_r33,3d_point1_x,3d_point1_y,3d_point1_z,3d_point2_x,3d_point2_y,3d_point2_z,3d_point3_x,3d_point3_y,3d_point3_z,3d_point4_x,3d_point4_y,3d_point4_z,final_error
0,0,0.05762412764489315,0.022016154932397874,0.06033149978941265,-0.06742164432782247,-0.509774432852108,-0.37585741109454607,-0.2919127793085013,-1.0823371043836802,400.0,400.0,600.0,400.0,400.0,600.0,600.0,600.0,0.4775685963272862,-0.8648418493553286,-0.1548444748954283,-1.254598811526375,0.7122541928741861,0.4842812745558748,-0.508100001818224,4.507143064099161,0.5144144248902117,0.1323639781745503,0.8472647618936361,-2.0720242327543796,0.0,0.0,0.0,1.0,0.0,0.0,0.0,0.0,0.0,0.0,-74.54214172658669,-401.3149057763559,-635.9618584328865,-735.6828629480854,-554.710090689568,-820.222813373527,-343.8889197091813,-535.451884047807,-0.1757632666379176,-1.0596817974039632,3.985270734899222,0.6190611801317812,-0.7853391214172425,0.0023915738417003268,-0.7747142495565437,-0.6101809115067787,0.16582245555653313,-0.128767568851353,-0.10450703136320917,-0.9861527232674264,0.05762412764489315,0.022016154932397874,0.9525671413223606,0.06033149978941265,-0.06742164432782247,-0.954231782958937,-0.509774432852108,-0.37585741109454607,-1.0899484994902402,-0.2919127793085013,-1.0823371043836802,1.4234755369175047,155.42027400795322
0,1,0.05762412764489315,0.022016154932397874,0.06033149978941265,-0.06742164432782247,-0.509774432852108,-0.37585741109454607,-0.2919127793085013,-1.0823371043836802,400.0,400.0,600.0,400.0,400.0,600.0,600.0,600.0,0.42442426235463304,-0.9015896680978505,-0.08366669530902596,-1.683958904502263,0.714934479657515,0.3903850643418085,-0.5800587826554138,4.633741663263883,0.5556372335630183,0.18637481567542805,0.8102664331936664,-1.9671702607628159,0.0,0.0,0.0,1.0,0.0,0.0,0.0,0.0,0.0,0.0,-52.902611781850396,-361.9088156748128,-583.9558279498676,-657.0457501197482,-490.2141551299758,-748.2057810440017,-316.84407358813166,-484.0357138870977,-0.1757632666379176,-1.0596817974039632,3.985270734899222,0.6190611801317812,-0.7853391214172425,0.0023915738417003268,-0.7747142495565437,-0.6101809115067787,0.16582245555653313,-0.128767568851353,-0.10450703136320917,-0.9861527232674264,0.05762412764489315,0.022016154932397874,0.9525671413223606,0.06033149978941265,-0.06742164432782247,-0.954231782958937,-0.509774432852108,-0.37585741109454607,-1.0899484994902402,-0.2919127793085013,-1.0823371043836802,1.4234755369175047,155.42027400795322
0,2,0.05762412764489315,0.022016154932397874,0.06033149978941265,-0.06742164432782247,-0.509774432852108,-0.37585741109454607,-0.2919127793085013,-1.0823371043836802,400.0,400.0,600.0,400.0,400.0,600.0,600.0,600.0,0.36809843258953123,-0.9297839471926209,-0.0023141884192838663,-2.178558430510517,0.7123550841993942,0.2836168611598817,-0.6419592744723691,4.75314158381401,0.5975397710114403,0.23465567883331945,0.7667352440385597,-1.8604231507935005,0.0,0.0,0.0,1.0,0.0,0.0,0.0,0.0,0.0,0.0,-33.55330835426804,-325.66936672928216,-537.2533112175569,-584.1511180302978,-431.8220819877566,-682.6493819160108,-291.72962875677194,-437.2234074586129,-0.1757632666379176,-1.0596817974039632,3.985270734899222,0.6190611801317812,-0.7853391214172425,0.0023915738417003268,-0.7747142495565437,-0.6101809115067787,0.16582245555653313,-0.128767568851353,-0.10450703136320917,-0.9861527232674264,0.05762412764489315,0.022016154932397874,0.9525671413223606,0.06033149978941265,-0.06742164432782247,-0.954231782958937,-0.509774432852108,-0.37585741109454607,-1.0899484994902402,-0.2919127793085013,-1.0823371043836802,1.4234755369175047,155.42027400795322
0,3,0.05762412764489315,0.022016154932397874,0.06033149978941265,-0.06742164432782247,-0.509774432852108,-0.37585741109454607,-0.2919127793085013,-1.0823371043836802,400.0,400.0,600.0,400.0,400.0,600.0,600.0,600.0,0.30993323924491556,-0.946629740519159,0.08850718375241422,-2.745532865158233,0.7034837246089906,0.16570744421689348,-0.6911234999197807,4.855207590739574,0.6395717601813075,0.27646550832922145,0.7172968606391983,-1.7480781020489238,0.0,0.0,0.0,1.0,0.0,0.0,0.0,0.0,0.0,0.0,-16.407141525696716,-292.0391261685162,-495.39014420416527,-516.5746406951292,-379.057602731541,-622.9661060708303,-268.3611588602067,-394.7065980117486,-0.1757632666379176,-1.0596817974039632,3.985270734899222,0.6190611801317812,-0.7853391214172425,0.0023915738417003268,-0.7747142495565437,-0.6101809115067787,0.16582245555653313,-0.128767568851353,-0.10450703136320917,-0.9861527232674264,0.05762412764489315,0.022016154932397874,0.9525671413223606,0.06033149978941265,-0.06742164432782247,-0.954231782958937,-0.509774432852108,-0.37585741109454607,-1.0899484994902402,-0.2919127793085013,-1.0823371043836802,1.4234755369175047,155.42027400795322
0,4,0.05762412764489315,0.022016154932397874,0.06033149978941265,-0.06742164432782247,-0.509774432852108,-0.37585741109454607,-0.2919127793085013,-1.0823371043836802,400.0,400.0,600.0,400.0,400.0,600.0,600.0,600.0,0.2520137301773344,-0.9494061376422229,0.18739547915940297,-3.3907791926053754,0.6871105363333906,0.0391895167314145,-0.7254952051102741,4.929794803711831,0.6814456622957887,0.3115961610572806,0.6622232567288915,-1.6219263612715034,0.0,0.0,0.0,1.0,0.0,0.0,0.0,0.0,0.0,0.0,-1.3268237885257577,-260.51598442013835,-457.8722501540449,-453.93403514073384,-331.43416565543913,-568.622250684244,-246.54124390410476,-356.207911846092,-0.1757632666379176,-1.0596817974039632,3.985270734899222,0.6190611801317812,-0.7853391214172425,0.0023915738417003268,-0.7747142495565437,-0.6101809115067787,0.16582245555653313,-0.128767568851353,-0.10450703136320917,-0.9861527232674264,0.05762412764489315,0.022016154932397874,0.9525671413223606,0.06033149978941265,-0.06742164432782247,-0.954231782958937,-0.509774432852108,-0.37585741109454607,-1.0899484994902402,-0.2919127793085013,-1.0823371043836802,1.4234755369175047,155.42027400795322
0,5,0.05762412764489315,0.022016154932397874,0.06033149978941265,-0.06742164432782247,-0.509774432852108,-0.37585741109454607,-0.2919127793085013,-1.0823371043836802,400.0,400.0,600.0,400.0,400.0,600.0,600.0,600.0,0.19838936606379073,-0.9356108978780172,0.29201696389884235,-4.115565527935543,0.6614777513086919,-0.09204323092755673,-0.7442951216849489,4.97176219389714,0.7232488119287883,0.3408229619792467,0.6006253945940758,-1.4625291234427629,0.0,0.0,0.0,1.0,0.0,0.0,0.0,0.0,0.0,0.0,11.917662911723255,-230.6348785903549,-424.10684111095645,-395.88229286403674,-288.44071725500896,-519.1671717551187,-226.02262378130627,-321.48899513937107,-0.1757632666379176,-1.0596817974039632,3.985270734899222,0.6190611801317812,-0.7853391214172425,0.0023915738417003268,-0.7747142495565437,-0.6101809115067787,0.16582245555653313,-0.128767568851353,-0.10450703136320917,-0.9861527232674264,0.05762412764489315,0.022016154932397874,0.9525671413223606,0.06033149978941265,-0.06742164432782247,-0.954231782958937,-0.509774432852108,-0.37585741109454607,-1.0899484994902402,-0.2919127793085013,-1.0823371043836802,1.4234755369175047,155.42027400795322
0,6,0.05762412764489315,0.022016154932397874,0.06033149978941265,-0.06742164432782247,-0.509774432852108,-0.37585741109454607,-0.2919127793085013,-1.0823371043836802,400.0,400.0,600.0,400.0,400.0,600.0,600.0,600.0,0.15837214580766534,-0.9034471555351962,0.39837356913786176,-4.908480218900706,0.6234268167446053,-0.22137649753584557,-0.7498876252495771,4.998278346691025,0.7656743874493673,0.36711807840819405,0.5281733133261385,-1.218646744177553,0.0,0.0,0.0,1.0,0.0,0.0,0.0,0.0,0.0,0.0,23.765978450393334,-201.93691087368086,-393.17839906505264,-342.13148224672074,-249.4120282851273,-474.27727911881266,-206.40237309074092,-290.3674079567917,-0.1757632666379176,-1.0596817974039632,3.985270734899222,0.6190611801317812,-0.7853391214172425,0.0023915738417003268,-0.7747142495565437,-0.6101809115067787,0.16582245555653313,-0.128767568851353,-0.10450703136320917,-0.9861527232674264,0.05762412764489315,0.022016154932397874,0.9525671413223606,0.06033149978941265,-0.06742164432782247,-0.954231782958937,-0.509774432852108,-0.37585741109454607,-1.0899484994902402,-0.2919127793085013,-1.0823371043836802,1.4234755369175047,155.42027400795322
0,7,0.05762412764489315,0.022016154932397874,0.06033149978941265,-0.06742164432782247,-0.509774432852108,-0.37585741109454607,-0.2919127793085013,-1.0823371043836802,400.0,400.0,600.0,400.0,400.0,600.0,600.0,600.0,0.15608813974304286,-0.8526683948430894,0.49859111611345985,-5.724010572775592,0.5651248212224247,-0.3369062038205285,-0.7530791102305009,5.1024490507583105,0.8101051962985294,0.39931293275193297,0.42927701157547604,-0.7347823964238633,0.0,0.0,0.0,1.0,0.0,0.0,0.0,0.0,0.0,0.0,35.23959408303307,-173.85057874258757,-362.93420179610075,-292.3896631818181,-212.77108889043035,-433.7533352110866,-186.71662859524548,-262.67818067806974,-0.1757632666379176,-1.0596817974039632,3.985270734899222,0.6190611801317812,-0.7853391214172425,0.0023915738417003268,-0.7747142495565437,-0.6101809115067787,0.16582245555653313,-0.128767568851353,-0.10450703136320917,-0.9861527232674264,0.05762412764489315,0.022016154932397874,0.9525671413223606,0.06033149978941265,-0.06742164432782247,-0.954231782958937,-0.509774432852108,-0.37585741109454607,-1.0899484994902402,-0.2919127793085013,-1.0823371043836802,1.4234755369175047,155.42027400795322
0,8,0.05762412764489315,0.022016154932397874,0.06033149978941265,-0.06742164432782247,-0.509774432852108,-0.37585741109454607,-0.2919127793085013,-1.0823371043836802,400.0,400.0,600.0,400.0,400.0,600.0,600.0,600.0,0.2628868687041685,-0.7812207028832527,0.5662020025128081,-6.357695481298155,0.45471171635691926,-0.41726516813538106,-0.7868462584702915,5.625725003992959,0.8509569608803149,0.46431023340816946,0.24553667319117406,0.5510080254920786,0.0,0.0,0.0,1.0,0.0,0.0,0.0,0.0,0.0,0.0,48.90957193568869,-144.42577435105198,-325.45835423594735,-244.75910787436533,-171.33502692312976,-396.3028958838567,-163.91360396458822,-237.5240845109339,-0.1757632666379176,-1.0596817974039632,3.985270734899222,0.6190611801317812,-0.7853391214172425,0.0023915738417003268,-0.7747142495565437,-0.6101809115067787,0.16582245555653313,-0.128767568851353,-0.10450703136320917,-0.9861527232674264,0.05762412764489315,0.022016154932397874,0.9525671413223606,0.06033149978941265,-0.06742164432782247,-0.954231782958937,-0.509774432852108,-0.37585741109454607,-1.0899484994902402,-0.2919127793085013,-1.0823371043836802,1.4234755369175047,155.42027400795322
0,9,0.05762412764489315,0.022016154932397874,0.06033149978941265,-0.06742164432782247,-0.509774432852108,-0.37585741109454607,-0.2919127793085013,-1.0823371043836802,400.0,400.0,600.0,400.0,400.0,600.0,600.0,600.0,0.6036928149184867,-0.6612270394659395,0.4453468170930413,-5.400893227894155,0.1444721625510383,-0.45863757899063706,-0.8768006417569695,7.306425548782456,0.7840170785535353,0.5936584652952539,-0.18134731075939237,4.493747444179096,0.0,0.0,0.0,1.0,0.0,0.0,0.0,0.0,0.0,0.0,54.886483239738425,-100.4772997631535,-265.0676520726276,-180.28297879838613,-104.28663489129713,-343.8333759420266,-141.999911904613,-206.28791916163698,-0.1757632666379176,-1.0596817974039632,3.985270734899222,0.6190611801317812,-0.7853391214172425,0.0023915738417003268,-0.7747142495565437,-0.6101809115067787,0.16582245555653313,-0.128767568851353,-0.10450703136320917,-0.9861527232674264,0.05762412764489315,0.022016154932397874,0.9525671413223606,0.06033149978941265,-0.06742164432782247,-0.954231782958937,-0.509774432852108,-0.37585741109454607,-1.0899484994902402,-0.2919127793085013,-1.0823371043836802,1.4234755369175047,155.42027400795322
0,10,0.05762412764489315,0.022016154932397874,0.06033149978941265,-0.06742164432782247,-0.509774432852108,-0.37585741109454607,-0.2919127793085013,-1.0823371043836802,400.0,400.0,600.0,400.0,400.0,600.0,600.0,600.0,0.7856027641921519,-0.5634584058437375,0.2556226159354529,-2.902168360850194,-0.15589244926819013,-0.5800660945332675,-0.7995128956021205,6.232311431053035,0.5987702741075368,0.5882499051057776,-0.5435404382272112,8.033317727455787,0.0,0.0,0.0,1.0,0.0,0.0,0.0,0.0,0.0,0.0,20.891396954682477,-86.45586665548916,-255.222764828861,-147.3549380050715,-88.18272683464619,-312.395199295979,-160.69220368010787,-188.32745840175545,-0.1757632666379176,-1.0596817974039632,3.985270734899222,0.6190611801317812,-0.7853391214172425,0.0023915738417003268,-0.7747142495565437,-0.6101809115067787,0.16582245555653313,-0.128767568851353,-0.10450703136320917,-0.9861527232674264,0.05762412764489315,0.022016154932397874,0.9525671413223606,0.06033149978941265,-0.06742164432782247,-0.954231782958937,-0.509774432852108,-0.37585741109454607,-1.0899484994902402,-0.2919127793085013,-1.0823371043836802,1.4234755369175047,155.42027400795322
0,11,0.05762412764489315,0.022016154932397874,0.06033149978941265,-0.06742164432782247,-0.509774432852108,-0.37585741109454607,-0.2919127793085013,-1.0823371043836802,400.0,400.0,600.0,400.0,400.0,600.0,600.0,600.0,0.8266392872159761,-0.5507997514976358,0.11526978173487473,-1.0618838504163097,-0.34889213107911493,-0.6623641113287914,-0.6629842116481315,3.89468743258559,0.44152210556453075,0.5078320763537524,-0.7397058959641325,8.814605495442347,0.0,0.0,0.0,1.0,0.0,0.0,0.0,0.0,0.0,0.0,-12.280756799646724,-92.11115894237929,-260.536445929896,-136.7954328769029,-89.93281981948826,-296.08239500168435,-180.43756448874632,-179.58262063924724,-0.1757632666379176,-1.0596817974039632,3.985270734899222,0.6190611801317812,-0.7853391214172425,0.0023915738417003268,-0.7747142495565437,-0.6101809115067787,0.16582245555653313,-0.128767568851353,-0.10450703136320917,-0.9861527232674264,0.05762412764489315,0.022016154932397874,0.9525671413223606,0.06033149978941265,-0.06742164432782247,-0.954231782958937,-0.509774432852108,-0.37585741109454607,-1.0899484994902402,-0.2919127793085013,-1.0823371043836802,1.4234755369175047,155.42027400795322
0,12,0.05762412764489315,0.022016154932397874,0.06033149978941265,-0.06742164432782247,-0.509774432852108,-0.37585741109454607,-0.2919127793085013,-1.0823371043836802,400.0,400.0,600.0,400.0,400.0,600.0,600.0,600.0,0.81777508598456,-0.5744771208029867,0.03492773134425492,-0.2852662516033897,-0.4681802599131313,-0.6993021226790612,-0.5401701449027262,2.1790068144017374,0.3347404262568518,0.4253852123551897,-0.840830701234744,8.332319538752326,0.0,0.0,0.0,1.0,0.0,0.0,0.0,0.0,0.0,0.0,-27.87811727594533,-98.07883706337583,-257.11674562761647,-128.29169547797898,-84.3168451066665,-280.1013464255959,-183.6082921608803,-169.1554839205893,-0.1757632666379176,-1.0596817974039632,3.985270734899222,0.6190611801317812,-0.7853391214172425,0.0023915738417003268,-0.7747142495565437,-0.6101809115067787,0.16582245555653313,-0.128767568851353,-0.10450703136320917,-0.9861527232674264,0.05762412764489315,0.022016154932397874,0.9525671413223606,0.06033149978941265,-0.06742164432782247,-0.954231782958937,-0.509774432852108,-0.37585741109454607,-1.0899484994902402,-0.2919127793085013,-1.0823371043836802,1.4234755369175047,155.42027400795322
0,13,0.05762412764489315,0.022016154932397874,0.06033149978941265,-0.06742164432782247,-0.509774432852108,-0.37585741109454607,-0.2919127793085013,-1.0823371043836802,400.0,400.0,600.0,400.0,400.0,600.0,600.0,600.0,0.7971086185673459,-0.6037776253472649,-0.008392218757598123,-0.01330006570008302,-0.54488776050077,-0.7132337509703232,-0.4409024211016068,1.141648638969245,0.26022140315914283,0.35601993709176016,-0.8975158080675048,7.64734958398351,0.0,0.0,0.0,1.0,0.0,0.0,0.0,0.0,0.0,0.0,-32.33621594090039,-100.28388212743431,-247.42800899483927,-117.5764005804453,-73.10473013549182,-262.39906138956366,-176.7062855934891,-156.18958777949803,-0.1757632666379176,-1.0596817974039632,3.985270734899222,0.6190611801317812,-0.7853391214172425,0.0023915738417003268,-0.7747142495565437,-0.6101809115067787,0.16582245555653313,-0.128767568851353,-0.10450703136320917,-0.9861527232674264,0.05762412764489315,0.022016154932397874,0.9525671413223606,0.06033149978941265,-0.06742164432782247,-0.954231782958937,-0.509774432852108,-0.37585741109454607,-1.0899484994902402,-0.2919127793085013,-1.0823371043836802,1.4234755369175047,155.42027400795322
0,14,0.05762412764489315,0.022016154932397874,0.06033149978941265,-0.06742164432782247,-0.509774432852108,-0.37585741109454607,-0.2919127793085013,-1.0823371043836802,400.0,400.0,600.0,400.0,400.0,600.0,600.0,600.0,0.7756694352424616,-0.6303327026221275,-0.03190001936873124,0.07160335406077774,-0.5970890913965843,-0.7165065111223505,-0.36069798509900003,0.5116296573092509,0.20450316419518352,0.2988295559752443,-0.9321369815160194,7.036613897523749,0.0,0.0,0.0,1.0,0.0,0.0,0.0,0.0,0.0,0.0,-31.692481724112156,-99.50983796612786,-235.51190026755813,-105.37550477518101,-60.021212346201025,-244.16517313029738,-165.73682572267012,-142.0912314552587,-0.1757632666379176,-1.0596817974039632,3.985270734899222,0.6190611801317812,-0.7853391214172425,0.0023915738417003268,-0.7747142495565437,-0.6101809115067787,0.16582245555653313,-0.128767568851353,-0.10450703136320917,-0.9861527232674264,0.05762412764489315,0.022016154932397874,0.9525671413223606,0.06033149978941265,-0.06742164432782247,-0.954231782958937,-0.509774432852108,-0.37585741109454607,-1.0899484994902402,-0.2919127793085013,-1.0823371043836802,1.4234755369175047,155.42027400795322
0,15,0.05762412764489315,0.022016154932397874,0.06033149978941265,-0.06742164432782247,-0.509774432852108,-0.37585741109454607,-0.2919127793085013,-1.0823371043836802,400.0,400.0,600.0,400.0,400.0,600.0,600.0,600.0,0.7562272579445487,-0.6527936973495451,-0.04450531476553996,0.08767574973335948,-0.6343125742460198,-0.7147308928602093,-0.2946308010793099,0.11043951043449018,0.160523806630222,0.2510381235827713,-0.954574233893302,6.537560404107743,0.0,0.0,0.0,1.0,0.0,0.0,0.0,0.0,0.0,0.0,-28.861903169378877,-96.94846125749592,-223.298343014841,-92.72507904001475,-46.85390873358364,-226.3969466343064,-153.54482696412975,-127.96489387567146,-0.1757632666379176,-1.0596817974039632,3.985270734899222,0.6190611801317812,-0.7853391214172425,0.0023915738417003268,-0.7747142495565437,-0.6101809115067787,0.16582245555653313,-0.128767568851353,-0.10450703136320917,-0.9861527232674264,0.05762412764489315,0.022016154932397874,0.9525671413223606,0.06033149978941265,-0.06742164432782247,-0.954231782958937,-0.509774432852108,-0.37585741109454607,-1.0899484994902402,-0.2919127793085013,-1.0823371043836802,1.4234755369175047,155.42027400795322
0,16,0.05762412764489315,0.022016154932397874,0.06033149978941265,-0.06742164432782247,-0.509774432852108,-0.37585741109454607,-0.2919127793085013,-1.0823371043836802,400.0,400.0,600.0,400.0,400.0,600.0,600.0,600.0,0.7392646179725609,-0.6714955807629513,-0.050808558626575205,0.07814252147372752,-0.6618055663838619,-0.7104997223362118,-0.2391726089323392,-0.15817763810128416,0.12450388314112656,0.2104372342908747,-0.9696468189535756,6.136276677355662,0.0,0.0,0.0,1.0,0.0,0.0,0.0,0.0,0.0,0.0,-25.162896338281826,-93.4220801113363,-211.57954036979595,-80.2765337119983,-34.3250387907795,-209.6060236845226,-141.370186640545,-114.41176085925213,-0.1757632666379176,-1.0596817974039632,3.985270734899222,0.6190611801317812,-0.7853391214172425,0.0023915738417003268,-0.7747142495565437,-0.6101809115067787,0.16582245555653313,-0.128767568851353,-0.10450703136320917,-0.9861527232674264,0.05762412764489315,0.022016154932397874,0.9525671413223606,0.06033149978941265,-0.06742164432782247,-0.954231782958937,-0.509774432852108,-0.37585741109454607,-1.0899484994902402,-0.2919127793085013,-1.0823371043836802,1.4234755369175047,155.42027400795322
0,17,0.05762412764489315,0.022016154932397874,0.06033149978941265,-0.06742164432782247,-0.509774432852108,-0.37585741109454607,-0.2919127793085013,-1.0823371043836802,400.0,400.0,600.0,400.0,400.0,600.0,600.0,600.0,0.7246353476119264,-0.6870662374236598,-0.053325400925241934,0.05960228445140206,-0.6826551005064759,-0.7050873809797464,-0.19192133527988847,-0.34615305234354793,0.09426360243400389,0.17547584043285622,-0.979960510776096,5.812456959666128,0.0,0.0,0.0,1.0,0.0,0.0,0.0,0.0,0.0,0.0,-21.208000402676305,-89.43535519747059,-200.65765035749894,-68.38129609582631,-22.698303574957436,-194.0052152813513,-129.7474674075783,-101.71653926691158,-0.1757632666379176,-1.0596817974039632,3.985270734899222,0.6190611801317812,-0.7853391214172425,0.0023915738417003268,-0.7747142495565437,-0.6101809115067787,0.16582245555653313,-0.128767568851353,-0.10450703136320917,-0.9861527232674264,0.05762412764489315,0.022016154932397874,0.9525671413223606,0.06033149978941265,-0.06742164432782247,-0.954231782958937,-0.509774432852108,-0.37585741109454607,-1.0899484994902402,-0.2919127793085013,-1.0823371043836802,1.4234755369175047,155.42027400795322
0,18,0.05762412764489315,0.022016154932397874,0.06033149978941265,-0.06742164432782247,-0.509774432852108,-0.37585741109454607,-0.2919127793085013,-1.0823371043836802,400.0,400.0,600.0,400.0,400.0,600.0,600.0,600.0,0.7120438164380979,-0.7000926668151417,-0.05351505717021566,0.03870786666235115,-0.6987909589760627,-0.6991613743293699,-0.15121034455083232,-0.4826768749626032,0.06844559244818584,0.1450642289385282,-0.9870519592994521,5.548717631607532,0.0,0.0,0.0,1.0,0.0,0.0,0.0,0.0,0.0,0.0,-17.290187998409408,-85.29171863934346,-190.62475630791562,-57.21207699135209,-12.042423331100622,-179.65126096162072,-118.89554877079513,-89.99103536582334,-0.1757632666379176,-1.0596817974039632,3.985270734899222,0.6190611801317812,-0.7853391214172425,0.0023915738417003268,-0.7747142495565437,-0.6101809115067787,0.16582245555653313,-0.128767568851353,-0.10450703136320917,-0.9861527232674264,0.05762412764489315,0.022016154932397874,0.9525671413223606,0.06033149978941265,-0.06742164432782247,-0.954231782958937,-0.509774432852108,-0.37585741109454607,-1.0899484994902402,-0.2919127793085013,-1.0823371043836802,1.4234755369175047,155.42027400795322
0,19,0.05762412764489315,0.022016154932397874,0.06033149978941265,-0.06742164432782247,-0.509774432852108,-0.37585741109454607,-0.2919127793085013,-1.0823371043836802,400.0,400.0,600.0,400.0,400.0,600.0,600.0,600.0,0.7011877773230794,-0.7110583362219002,-0.052266082903378815,0.018159003944905425,-0.7114817956900853,-0.6930904716465425,-0.11584149737630701,-0.5849486144048546,0.04614493833923036,0.11841300858485287,-0.9918916291932058,5.331659384701403,0.0,0.0,0.0,1.0,0.0,0.0,0.0,0.0,0.0,0.0,-13.549984366163471,-81.17299173685984,-181.4807601984054,-46.83998952500241,-2.3419029177453012,-166.522766197254,-108.88608494594979,-79.25544060813957,-0.1757632666379176,-1.0596817974039632,3.985270734899222,0.6190611801317812,-0.7853391214172425,0.0023915738417003268,-0.7747142495565437,-0.6101809115067787,0.16582245555653313,-0.128767568851353,-0.10450703136320917,-0.9861527232674264,0.05762412764489315,0.022016154932397874,0.9525671413223606,0.06033149978941265,-0.06742164432782247,-0.954231782958937,-0.509774432852108,-0.37585741109454607,-1.0899484994902402,-0.2919127793085013,-1.0823371043836802,1.4234755369175047,155.42027400795322
0,20,0.05762412764489315,0.022016154932397874,0.06033149978941265,-0.06742164432782247,-0.509774432852108,-0.37585741109454607,-0.2919127793085013,-1.0823371043836802,400.0,400.0,600.0,400.0,400.0,600.0,600.0,600.0,0.6917984065072232,-0.7203478057701754,-0.05013983921155457,-0.0009969701631963243,-0.7215960649276716,-0.6870862556378478,-0.0849211186599771,-0.6635638110108504,0.026722347108112436,0.09492900523894691,-0.9951253188063188,5.15121576392114,0.0,0.0,0.0,1.0,0.0,0.0,0.0,0.0,0.0,0.0,-10.051500053876964,-77.187038689301,-173.18500566391862,-37.278709970171406,6.45472577945543,-154.56050158579387,-99.71995789520236,-69.4821211463235,-0.1757632666379176,-1.0596817974039632,3.985270734899222,0.6190611801317812,-0.7853391214172425,0.0023915738417003268,-0.7747142495565437,-0.6101809115067787,0.16582245555653313,-0.128767568851353,-0.10450703136320917,-0.9861527232674264,0.05762412764489315,0.022016154932397874,0.9525671413223606,0.06033149978941265,-0.06742164432782247,-0.954231782958937,-0.509774432852108,-0.37585741109454607,-1.0899484994902402,-0.2919127793085013,-1.0823371043836802,1.4234755369175047,155.42027400795322
0,21,0.05762412764489315,0.022016154932397874,0.06033149978941265,-0.06742164432782247,-0.509774432852108,-0.37585741109454607,-0.2919127793085013,-1.0823371043836802,400.0,400.0,600.0,400.0,400.0,600.0,600.0,600.0,0.6836476380240284,-0.7282648010608737,-0.04750038483984493,-0.01842525046514763,-0.729747723105174,-0.6812723560158116,-0.05776017270991908,-0.7253149436763333,0.009704001596332022,0.07415090332849246,-0.9971998174330895,4.999830215131575,0.0,0.0,0.0,1.0,0.0,0.0,0.0,0.0,0.0,0.0,-6.819070103319007,-73.39592820333974,-165.67996657869736,-28.509609454854456,14.41296580294113,-143.68828781126882,-91.36387437263289,-60.6193178086271,-0.1757632666379176,-1.0596817974039632,3.985270734899222,0.6190611801317812,-0.7853391214172425,0.0023915738417003268,-0.7747142495565437,-0.6101809115067787,0.16582245555653313,-0.128767568851353,-0.10450703136320917,-0.9861527232674264,0.05762412764489315,0.022016154932397874,0.9525671413223606,0.06033149978941265,-0.06742164432782247,-0.954231782958937,-0.509774432852108,-0.37585741109454607,-1.0899484994902402,-0.2919127793085013,-1.0823371043836802,1.4234755369175047,155.42027400795322
0,22,0.05762412764489315,0.022016154932397874,0.06033149978941265,-0.06742164432782247,-0.509774432852108,-0.37585741109454607,-0.2919127793085013,-1.0823371043836802,400.0,400.0,600.0,400.0,400.0,600.0,600.0,600.0,0.6765453329337641,-0.7350498874545291,-0.044587839582406245,-0.034099713280274155,-0.7363820919966112,-0.6757204586736241,-0.033812369284059736,-0.7747119046449763,-0.005275137177070435,0.05570928722386519,-0.9984330965291425,4.8717830059570035,0.0,0.0,0.0,1.0,0.0,0.0,0.0,0.0,0.0,0.0,-3.8558663888886144,-69.83287956284346,-158.90253976376312,-20.49630404564533,21.60204309837701,-133.82396261217235,-83.76870635832131,-52.604182458087166,-0.1757632666379176,-1.0596817974039632,3.985270734899222,0.6190611801317812,-0.7853391214172425,0.0023915738417003268,-0.7747142495565437,-0.6101809115067787,0.16582245555653313,-0.128767568851353,-0.10450703136320917,-0.9861527232674264,0.05762412764489315,0.022016154932397874,0.9525671413223606,0.06033149978941265,-0.06742164432782247,-0.954231782958937,-0.509774432852108,-0.37585741109454607,-1.0899484994902402,-0.2919127793085013,-1.0823371043836802,1.4234755369175047,155.42027400795322
0,23,0.05762412764489315,0.022016154932397874,0.06033149978941265,-0.06742164432782247,-0.509774432852108,-0.37585741109454607,-0.2919127793085013,-1.0823371043836802,400.0,400.0,600.0,400.0,400.0,600.0,600.0,600.0,0.6703338330033539,-0.7408948369887316,-0.04156191591436268,-0.04812291656149626,-0.7418288985336475,-0.670470171345183,-0.012634660134577348,-0.8148426526975263,-0.018505070423721126,0.03930127046040565,-0.9990560407248491,4.762694206576531,0.0,0.0,0.0,1.0,0.0,0.0,0.0,0.0,0.0,0.0,-1.153784823376725,-66.5127237403155,-152.78954535875044,-13.193247802586939,28.08999292552312,-124.88518462220753,-76.8790029247051,-45.37004471694786,-0.1757632666379176,-1.0596817974039632,3.985270734899222,0.6190611801317812,-0.7853391214172425,0.0023915738417003268,-0.7747142495565437,-0.6101809115067787,0.16582245555653313,-0.128767568851353,-0.10450703136320917,-0.9861527232674264,0.05762412764489315,0.022016154932397874,0.9525671413223606,0.06033149978941265,-0.06742164432782247,-0.954231782958937,-0.509774432852108,-0.37585741109454607,-1.0899484994902402,-0.2919127793085013,-1.0823371043836802,1.4234755369175047,155.42027400795322
0,24,0.05762412764489315,0.022016154932397874,0.06033149978941265,-0.06742164432782247,-0.509774432852108,-0.37585741109454607,-0.2919127793085013,-1.0823371043836802,400.0,400.0,600.0,400.0,400.0,600.0,600.0,600.0,0.6648824174428972,-0.7459536842036155,-0.03852884631469904,-0.060644201551710464,-0.7463363951111542,-0.6655406075155222,0.006138817504756313,-0.8478795112977693,-0.03022178531748361,0.02467388844350101,-0.9992386316197456,4.669167631981307,0.0,0.0,0.0,1.0,0.0,0.0,0.0,0.0,0.0,0.0,1.3011114542713926,-63.438525496423836,-147.28039425531006,-6.550884642921972,33.941362349045676,-116.79247937595841,-70.63802339026859,-38.85047475248052,-0.1757632666379176,-1.0596817974039632,3.985270734899222,0.6190611801317812,-0.7853391214172425,0.0023915738417003268,-0.7747142495565437,-0.6101809115067787,0.16582245555653313,-0.128767568851353,-0.10450703136320917,-0.9861527232674264,0.05762412764489315,0.022016154932397874,0.9525671413223606,0.06033149978941265,-0.06742164432782247,-0.954231782958937,-0.509774432852108,-0.37585741109454607,-1.0899484994902402,-0.2919127793085013,-1.0823371043836802,1.4234755369175047,155.42027400795322
0,25,0.05762412764489315,0.022016154932397874,0.06033149978941265,-0.06742164432782247,-0.509774432852108,-0.37585741109454607,-0.2919127793085013,-1.0823371043836802,400.0,400.0,600.0,400.0,400.0,600.0,600.0,600.0,0.6600824257069441,-0.7503511015313292,-0.035558623476699074,-0.07182243731960347,-0.7500940817100591,-0.6609374903773868,0.02281452162954381,-0.8753875616629113,-0.04062092879760244,0.011612848245055518,-0.9991071423522392,4.588537122862083,0.0,0.0,0.0,1.0,0.0,0.0,0.0,0.0,0.0,0.0,3.5255159926277315,-60.605867491721085,-142.31831774004513,-0.5187569187135637,39.21622334754585,-109.47077546052054,-64.99040508300004,-32.98152169113769,-0.1757632666379176,-1.0596817974039632,3.985270734899222,0.6190611801317812,-0.7853391214172425,0.0023915738417003268,-0.7747142495565437,-0.6101809115067787,0.16582245555653313,-0.128767568851353,-0.10450703136320917,-0.9861527232674264,0.05762412764489315,0.022016154932397874,0.9525671413223606,0.06033149978941265,-0.06742164432782247,-0.954231782958937,-0.509774432852108,-0.37585741109454607,-1.0899484994902402,-0.2919127793085013,-1.0823371043836802,1.4234755369175047,155.42027400795322
0,26,0.05762412764489315,0.022016154932397874,0.06033149978941265,-0.06742164432782247,-0.509774432852108,-0.37585741109454607,-0.2919127793085013,-1.0823371043836802,400.0,400.0,600.0,400.0,400.0,600.0,600.0,600.0,0.6558431928367202,-0.7541887395531127,-0.03269635363498227,-0.08180962678260804,-0.7532482873003359,-0.6566577044840988,0.0376520493570373,-0.8985184590602828,-0.04986706416912333,-6.536789064861409e-05,-0.998755861879264,4.518684852847046,0.0,0.0,0.0,1.0,0.0,0.0,0.0,0.0,0.0,0.0,5.537113108096776,-58.00567024829428,-137.85084777860249,4.95262957140767,43.969856765469615,-102.85009756465809,-59.88354086883567,-27.702891435548736,-0.1757632666379176,-1.0596817974039632,3.985270734899222,0.6190611801317812,-0.7853391214172425,0.0023915738417003268,-0.7747142495565437,-0.6101809115067787,0.16582245555653313,-0.128767568851353,-0.10450703136320917,-0.9861527232674264,0.05762412764489315,0.022016154932397874,0.9525671413223606,0.06033149978941265,-0.06742164432782247,-0.954231782958937,-0.509774432852108,-0.37585741109454607,-1.0899484994902402,-0.2919127793085013,-1.0823371043836802,1.4234755369175047,155.42027400795322
0,27,0.05762412764489315,0.022016154932397874,0.06033149978941265,-0.06742164432782247,-0.509774432852108,-0.37585741109454607,-0.2919127793085013,-1.0823371043836802,400.0,400.0,600.0,400.0,400.0,600.0,600.0,600.0,0.652088738158496,-0.7575500526950333,-0.029969905382113325,-0.09074439689713136,-0.7559131215667146,-0.6526923189700776,0.05087326803664101,-0.9181357123535735,-0.0581001739250913,-0.010519240429559816,-0.9982553357586722,4.457909982545881,0.0,0.0,0.0,1.0,0.0,0.0,0.0,0.0,0.0,0.0,7.35356080540538,-55.626071645228876,-133.8299014556011,9.910712698093903,48.25278165555221,-96.86578308358537,-55.268235894310465,-22.958498968170602,-0.1757632666379176,-1.0596817974039632,3.985270734899222,0.6190611801317812,-0.7853391214172425,0.0023915738417003268,-0.7747142495565437,-0.6101809115067787,0.16582245555653313,-0.128767568851353,-0.10450703136320917,-0.9861527232674264,0.05762412764489315,0.022016154932397874,0.9525671413223606,0.06033149978941265,-0.06742164432782247,-0.954231782958937,-0.509774432852108,-0.37585741109454607,-1.0899484994902402,-0.2919127793085013,-1.0823371043836802,1.4234755369175047,155.42027400795322
0,28,0.05762412764489315,0.022016154932397874,0.06033149978941265,-0.06742164432782247,-0.509774432852108,-0.37585741109454607,-0.2919127793085013,-1.0823371043836802,400.0,400.0,600.0,400.0,400.0,600.0,600.0,600.0,0.6487550924898037,-0.7605040008552875,-0.027395157448851862,-0.09875015901598383,-0.7581783339109976,-0.6490286519686181,0.06266915438828259,-0.9348977361546951,-0.06544038475200296,-0.019886518219628096,-0.997658299437543,4.40483263126677,0.0,0.0,0.0,1.0,0.0,0.0,0.0,0.0,0.0,0.0,8.99191296145517,-53.45368887723305,-130.21165731791075,14.400267484885319,52.11095930863269,-91.458429324343,-51.09895576494773,-18.69664946988496,-0.1757632666379176,-1.0596817974039632,3.985270734899222,0.6190611801317812,-0.7853391214172425,0.0023915738417003268,-0.7747142495565437,-0.6101809115067787,0.16582245555653313,-0.128767568851353,-0.10450703136320917,-0.9861527232674264,0.05762412764489315,0.022016154932397874,0.9525671413223606,0.06033149978941265,-0.06742164432782247,-0.954231782958937,-0.509774432852108,-0.37585741109454607,-1.0899484994902402,-0.2919127793085013,-1.0823371043836802,1.4234755369175047,155.42027400795322
0,29,0.05762412764489315,0.022016154932397874,0.06033149978941265,-0.06742164432782247,-0.509774432852108,-0.37585741109454607,-0.2919127793085013,-1.0823371043836802,400.0,400.0,600.0,400.0,400.0,600.0,600.0,600.0,0.6457881466472117,-0.7631079128628271,-0.024979651240547927,-0.10593541339443022,-0.7601150523178102,-0.6456517081417552,0.07320504773256203,-0.949314179250257,-0.07199150567846413,-0.02828754319084216,-0.9970040310903332,4.358322830123051,0.0,0.0,0.0,1.0,0.0,0.0,0.0,0.0,0.0,0.0,10.468304301344347,-51.47446736419306,-126.95632606084223,18.463108466983442,55.586080322754924,-86.57369094023841,-47.33384241299302,-14.870000247518988,-0.1757632666379176,-1.0596817974039632,3.985270734899222,0.6190611801317812,-0.7853391214172425,0.0023915738417003268,-0.7747142495565437,-0.6101809115067787,0.16582245555653313,-0.128767568851353,-0.10450703136320917,-0.9861527232674264,0.05762412764489315,0.022016154932397874,0.9525671413223606,0.06033149978941265,-0.06742164432782247,-0.954231782958937,-0.509774432852108,-0.37585741109454607,-1.0899484994902402,-0.2919127793085013,-1.0823371043836802,1.4234755369175047,155.42027400795322
0,30,0.05762412764489315,0.022016154932397874,0.06033149978941265,-0.06742164432782247,-0.509774432852108,-0.37585741109454607,-0.2919127793085013,-1.0823371043836802,400.0,400.0,600.0,400.0,400.0,600.0,600.0,600.0,0.6431419186118912,-0.7654097200618818,-0.022725161363730463,-0.11239496232950971,-0.7617800361011887,-0.642545191685151,0.08262477376649455,-0.9617849248044212,-0.07784374812332306,-0.03582788128098882,-0.9963215915561743,4.317447330879667,0.0,0.0,0.0,1.0,0.0,0.0,0.0,0.0,0.0,0.0,11.797794650729259,-49.674249224525624,-124.02787255027869,22.137988396605806,58.7158847725338,-82.1619980009907,-43.93459955161052,-11.435395939304726,-0.1757632666379176,-1.0596817974039632,3.985270734899222,0.6190611801317812,-0.7853391214172425,0.0023915738417003268,-0.7747142495565437,-0.6101809115067787,0.16582245555653313,-0.128767568851353,-0.10450703136320917,-0.9861527232674264,0.05762412764489315,0.022016154932397874,0.9525671413223606,0.06033149978941265,-0.06742164432782247,-0.954231782958937,-0.509774432852108,-0.37585741109454607,-1.0899484994902402,-0.2919127793085013,-1.0823371043836802,1.4234755369175047,155.42027400795322
0,31,0.05762412764489315,0.022016154932397874,0.06033149978941265,-0.06742164432782247,-0.509774432852108,-0.37585741109454607,-0.2919127793085013,-1.0823371043836802,400.0,400.0,600.0,400.0,400.0,600.0,600.0,600.0,0.6407771546720487,-0.7674497123417895,-0.02062951955083074,-0.11821143000424941,-0.7632188668704153,-0.6396922235877825,0.091053941893571,-0.972627603438056,-0.08307586474682563,-0.042600447272570355,-0.9956322627299419,4.281429322296076,0.0,0.0,0.0,1.0,0.0,0.0,0.0,0.0,0.0,0.0,12.994310245984138,-48.039149136150684,-121.39372121982979,25.460620769831394,61.53448816088843,-78.17823667137282,-40.866307715164,-8.353633987148669,-0.1757632666379176,-1.0596817974039632,3.985270734899222,0.6190611801317812,-0.7853391214172425,0.0023915738417003268,-0.7747142495565437,-0.6101809115067787,0.16582245555653313,-0.128767568851353,-0.10450703136320917,-0.9861527232674264,0.05762412764489315,0.022016154932397874,0.9525671413223606,0.06033149978941265,-0.06742164432782247,-0.954231782958937,-0.509774432852108,-0.37585741109454607,-1.0899484994902402,-0.2919127793085013,-1.0823371043836802,1.4234755369175047,155.42027400795322
0,32,0.05762412764489315,0.022016154932397874,0.06033149978941265,-0.06742164432782247,-0.509774432852108,-0.37585741109454607,-0.2919127793085013,-1.0823371043836802,400.0,400.0,600.0,400.0,400.0,600.0,600.0,600.0,0.6386601965195582,-0.7692619288481325,-0.018687916054235663,-0.12345680295548576,-0.764468368381985,-0.6370758483435555,0.0986026226868483,-0.9820973362605049,-0.0877568636915949,-0.048687249688085334,-0.9949513981058697,4.249617584456956,0.0,0.0,0.0,1.0,0.0,0.0,0.0,0.0,0.0,0.0,14.07064394264404,-46.55579681080053,-119.02446282263662,28.463778850891174,64.07269838759538,-74.581417662793,-38.09720465288285,-5.589195756968593,-0.1757632666379176,-1.0596817974039632,3.985270734899222,0.6190611801317812,-0.7853391214172425,0.0023915738417003268,-0.7747142495565437,-0.6101809115067787,0.16582245555653313,-0.128767568851353,-0.10450703136320917,-0.9861527232674264,0.05762412764489315,0.022016154932397874,0.9525671413223606,0.06033149978941265,-0.06742164432782247,-0.954231782958937,-0.509774432852108,-0.37585741109454607,-1.0899484994902402,-0.2919127793085013,-1.0823371043836802,1.4234755369175047,155.42027400795322
